 0  0 0
 1  0 1
 2  0 2
 3  0 3
 4  0 4
 5  0 5
 6  0 6
 7  0 7
 8  0 8
 9  0 9
 10  0 10
 11  0 11
 12  0 12
 13  0 13
 14  0 14
 15  0 15
 16  0 16
 17  0 17
 18  0 18
 19  0 19
 20  0 20
 21  0 21
 22  0 22
 23  0 23
 24  0 24
 25  0 25
 26  0 26
 27  0 27
 28  0 28
 29  0 29
 30  0 30
 31  0 31
 32  0 32
 33  0 33
 34  0 34
 35  0 35
 36  0 36
 37  0 37
 38  0 38
 39  0 39
 40  1 0
 41  1 1
 42  1 2
 43  1 3
 44  1 4
 45  1 5
 46  1 6
 47  1 7
 48  1 8
 49  1 9
 50  1 10
 51  1 11
 52  1 12
 53  1 13
 54  1 14
 55  1 15
 56  1 16
 57  1 17
 58  1 18
 59  1 19
 60  1 20
 61  1 21
 62  1 22
 63  1 23
 64  1 24
 65  1 25
 66  1 26
 67  1 27
 68  1 28
 69  1 29
 70  1 30
 71  1 31
 72  1 32
 73  1 33
 74  1 34
 75  1 35
 76  1 36
 77  1 37
 78  1 38
 79  1 39
 80  2 0
 81  2 1
 82  2 2
 83  2 3
 84  2 4
 85  2 5
 86  2 6
 87  2 7
 88  2 8
 89  2 9
 90  2 10
 91  2 11
 92  2 12
 93  2 13
 94  2 14
 95  2 15
 96  2 16
 97  2 17
 98  2 18
 99  2 19
 100  2 20
 101  2 21
 102  2 22
 103  2 23
 104  2 24
 105  2 25
 106  2 26
 107  2 27
 108  2 28
 109  2 29
 110  2 30
 111  2 31
 112  2 32
 113  2 33
 114  2 34
 115  2 35
 116  2 36
 117  2 37
 118  2 38
 119  2 39
 120  3 0
 121  3 1
 122  3 2
 123  3 3
 124  3 4
 125  3 5
 126  3 6
 127  3 7
 128  3 8
 129  3 9
 130  3 10
 131  3 11
 132  3 12
 133  3 13
 134  3 14
 135  3 15
 136  3 16
 137  3 17
 138  3 18
 139  3 19
 140  3 20
 141  3 21
 142  3 22
 143  3 23
 144  3 24
 145  3 25
 146  3 26
 147  3 27
 148  3 28
 149  3 29
 150  3 30
 151  3 31
 152  3 32
 153  3 33
 154  3 34
 155  3 35
 156  3 36
 157  3 37
 158  3 38
 159  3 39
 160  4 0
 161  4 1
 162  4 2
 163  4 3
 164  4 4
 165  4 5
 166  4 6
 167  4 7
 168  4 8
 169  4 9
 170  4 10
 171  4 11
 172  4 12
 173  4 13
 174  4 14
 175  4 15
 176  4 16
 177  4 17
 178  4 18
 179  4 19
 180  4 20
 181  4 21
 182  4 22
 183  4 23
 184  4 24
 185  4 25
 186  4 26
 187  4 27
 188  4 28
 189  4 29
 190  4 30
 191  4 31
 192  4 32
 193  4 33
 194  4 34
 195  4 35
 196  4 36
 197  4 37
 198  4 38
 199  4 39
 200  5 0
 201  5 1
 202  5 2
 203  5 3
 204  5 4
 205  5 5
 206  5 6
 207  5 7
 208  5 8
 209  5 9
 210  5 10
 211  5 11
 212  5 12
 213  5 13
 214  5 14
 215  5 15
 216  5 16
 217  5 17
 218  5 18
 219  5 19
 220  5 20
 221  5 21
 222  5 22
 223  5 23
 224  5 24
 225  5 25
 226  5 26
 227  5 27
 228  5 28
 229  5 29
 230  5 30
 231  5 31
 232  5 32
 233  5 33
 234  5 34
 235  5 35
 236  5 36
 237  5 37
 238  5 38
 239  5 39
 240  6 0
 241  6 1
 242  6 2
 243  6 3
 244  6 4
 245  6 5
 246  6 6
 247  6 7
 248  6 8
 249  6 9
 250  6 10
 251  6 11
 252  6 12
 253  6 13
 254  6 14
 255  6 15
 256  6 16
 257  6 17
 258  6 18
 259  6 19
 260  6 20
 261  6 21
 262  6 22
 263  6 23
 264  6 24
 265  6 25
 266  6 26
 267  6 27
 268  6 28
 269  6 29
 270  6 30
 271  6 31
 272  6 32
 273  6 33
 274  6 34
 275  6 35
 276  6 36
 277  6 37
 278  6 38
 279  6 39
 280  7 0
 281  7 1
 282  7 2
 283  7 3
 284  7 4
 285  7 5
 286  7 6
 287  7 7
 288  7 8
 289  7 9
 290  7 10
 291  7 11
 292  7 12
 293  7 13
 294  7 14
 295  7 15
 296  7 16
 297  7 17
 298  7 18
 299  7 19
 300  7 20
 301  7 21
 302  7 22
 303  7 23
 304  7 24
 305  7 25
 306  7 26
 307  7 27
 308  7 28
 309  7 29
 310  7 30
 311  7 31
 312  7 32
 313  7 33
 314  7 34
 315  7 35
 316  7 36
 317  7 37
 318  7 38
 319  7 39
 320  8 0
 321  8 1
 322  8 2
 323  8 3
 324  8 4
 325  8 5
 326  8 6
 327  8 7
 328  8 8
 329  8 9
 330  8 10
 331  8 11
 332  8 12
 333  8 13
 334  8 14
 335  8 15
 336  8 16
 337  8 17
 338  8 18
 339  8 19
 340  8 20
 341  8 21
 342  8 22
 343  8 23
 344  8 24
 345  8 25
 346  8 26
 347  8 27
 348  8 28
 349  8 29
 350  8 30
 351  8 31
 352  8 32
 353  8 33
 354  8 34
 355  8 35
 356  8 36
 357  8 37
 358  8 38
 359  8 39
 360  9 0
 361  9 1
 362  9 2
 363  9 3
 364  9 4
 365  9 5
 366  9 6
 367  9 7
 368  9 8
 369  9 9
 370  9 10
 371  9 11
 372  9 12
 373  9 13
 374  9 14
 375  9 15
 376  9 16
 377  9 17
 378  9 18
 379  9 19
 380  9 20
 381  9 21
 382  9 22
 383  9 23
 384  9 24
 385  9 25
 386  9 26
 387  9 27
 388  9 28
 389  9 29
 390  9 30
 391  9 31
 392  9 32
 393  9 33
 394  9 34
 395  9 35
 396  9 36
 397  9 37
 398  9 38
 399  9 39
 400  10 0
 401  10 1
 402  10 2
 403  10 3
 404  10 4
 405  10 5
 406  10 6
 407  10 7
 408  10 8
 409  10 9
 410  10 10
 411  10 11
 412  10 12
 413  10 13
 414  10 14
 415  10 15
 416  10 16
 417  10 17
 418  10 18
 419  10 19
 420  10 20
 421  10 21
 422  10 22
 423  10 23
 424  10 24
 425  10 25
 426  10 26
 427  10 27
 428  10 28
 429  10 29
 430  10 30
 431  10 31
 432  10 32
 433  10 33
 434  10 34
 435  10 35
 436  10 36
 437  10 37
 438  10 38
 439  10 39
 440  11 0
 441  11 1
 442  11 2
 443  11 3
 444  11 4
 445  11 5
 446  11 6
 447  11 7
 448  11 8
 449  11 9
 450  11 10
 451  11 11
 452  11 12
 453  11 13
 454  11 14
 455  11 15
 456  11 16
 457  11 17
 458  11 18
 459  11 19
 460  11 20
 461  11 21
 462  11 22
 463  11 23
 464  11 24
 465  11 25
 466  11 26
 467  11 27
 468  11 28
 469  11 29
 470  11 30
 471  11 31
 472  11 32
 473  11 33
 474  11 34
 475  11 35
 476  11 36
 477  11 37
 478  11 38
 479  11 39
 480  12 0
 481  12 1
 482  12 2
 483  12 3
 484  12 4
 485  12 5
 486  12 6
 487  12 7
 488  12 8
 489  12 9
 490  12 10
 491  12 11
 492  12 12
 493  12 13
 494  12 14
 495  12 15
 496  12 16
 497  12 17
 498  12 18
 499  12 19
 500  12 20
 501  12 21
 502  12 22
 503  12 23
 504  12 24
 505  12 25
 506  12 26
 507  12 27
 508  12 28
 509  12 29
 510  12 30
 511  12 31
 512  12 32
 513  12 33
 514  12 34
 515  12 35
 516  12 36
 517  12 37
 518  12 38
 519  12 39
 520  13 0
 521  13 1
 522  13 2
 523  13 3
 524  13 4
 525  13 5
 526  13 6
 527  13 7
 528  13 8
 529  13 9
 530  13 10
 531  13 11
 532  13 12
 533  13 13
 534  13 14
 535  13 15
 536  13 16
 537  13 17
 538  13 18
 539  13 19
 540  13 20
 541  13 21
 542  13 22
 543  13 23
 544  13 24
 545  13 25
 546  13 26
 547  13 27
 548  13 28
 549  13 29
 550  13 30
 551  13 31
 552  13 32
 553  13 33
 554  13 34
 555  13 35
 556  13 36
 557  13 37
 558  13 38
 559  13 39
 560  14 0
 561  14 1
 562  14 2
 563  14 3
 564  14 4
 565  14 5
 566  14 6
 567  14 7
 568  14 8
 569  14 9
 570  14 10
 571  14 11
 572  14 12
 573  14 13
 574  14 14
 575  14 15
 576  14 16
 577  14 17
 578  14 18
 579  14 19
 580  14 20
 581  14 21
 582  14 22
 583  14 23
 584  14 24
 585  14 25
 586  14 26
 587  14 27
 588  14 28
 589  14 29
 590  14 30
 591  14 31
 592  14 32
 593  14 33
 594  14 34
 595  14 35
 596  14 36
 597  14 37
 598  14 38
 599  14 39
 600  15 0
 601  15 1
 602  15 2
 603  15 3
 604  15 4
 605  15 5
 606  15 6
 607  15 7
 608  15 8
 609  15 9
 610  15 10
 611  15 11
 612  15 12
 613  15 13
 614  15 14
 615  15 15
 616  15 16
 617  15 17
 618  15 18
 619  15 19
 620  15 20
 621  15 21
 622  15 22
 623  15 23
 624  15 24
 625  15 25
 626  15 26
 627  15 27
 628  15 28
 629  15 29
 630  15 30
 631  15 31
 632  15 32
 633  15 33
 634  15 34
 635  15 35
 636  15 36
 637  15 37
 638  15 38
 639  15 39
 640  16 0
 641  16 1
 642  16 2
 643  16 3
 644  16 4
 645  16 5
 646  16 6
 647  16 7
 648  16 8
 649  16 9
 650  16 10
 651  16 11
 652  16 12
 653  16 13
 654  16 14
 655  16 15
 656  16 16
 657  16 17
 658  16 18
 659  16 19
 660  16 20
 661  16 21
 662  16 22
 663  16 23
 664  16 24
 665  16 25
 666  16 26
 667  16 27
 668  16 28
 669  16 29
 670  16 30
 671  16 31
 672  16 32
 673  16 33
 674  16 34
 675  16 35
 676  16 36
 677  16 37
 678  16 38
 679  16 39
 680  17 0
 681  17 1
 682  17 2
 683  17 3
 684  17 4
 685  17 5
 686  17 6
 687  17 7
 688  17 8
 689  17 9
 690  17 10
 691  17 11
 692  17 12
 693  17 13
 694  17 14
 695  17 15
 696  17 16
 697  17 17
 698  17 18
 699  17 19
 700  17 20
 701  17 21
 702  17 22
 703  17 23
 704  17 24
 705  17 25
 706  17 26
 707  17 27
 708  17 28
 709  17 29
 710  17 30
 711  17 31
 712  17 32
 713  17 33
 714  17 34
 715  17 35
 716  17 36
 717  17 37
 718  17 38
 719  17 39
 720  18 0
 721  18 1
 722  18 2
 723  18 3
 724  18 4
 725  18 5
 726  18 6
 727  18 7
 728  18 8
 729  18 9
 730  18 10
 731  18 11
 732  18 12
 733  18 13
 734  18 14
 735  18 15
 736  18 16
 737  18 17
 738  18 18
 739  18 19
 740  18 20
 741  18 21
 742  18 22
 743  18 23
 744  18 24
 745  18 25
 746  18 26
 747  18 27
 748  18 28
 749  18 29
 750  18 30
 751  18 31
 752  18 32
 753  18 33
 754  18 34
 755  18 35
 756  18 36
 757  18 37
 758  18 38
 759  18 39
 760  19 0
 761  19 1
 762  19 2
 763  19 3
 764  19 4
 765  19 5
 766  19 6
 767  19 7
 768  19 8
 769  19 9
 770  19 10
 771  19 11
 772  19 12
 773  19 13
 774  19 14
 775  19 15
 776  19 16
 777  19 17
 778  19 18
 779  19 19
 780  19 20
 781  19 21
 782  19 22
 783  19 23
 784  19 24
 785  19 25
 786  19 26
 787  19 27
 788  19 28
 789  19 29
 790  19 30
 791  19 31
 792  19 32
 793  19 33
 794  19 34
 795  19 35
 796  19 36
 797  19 37
 798  19 38
 799  19 39
 800  20 0
 801  20 1
 802  20 2
 803  20 3
 804  20 4
 805  20 5
 806  20 6
 807  20 7
 808  20 8
 809  20 9
 810  20 10
 811  20 11
 812  20 12
 813  20 13
 814  20 14
 815  20 15
 816  20 16
 817  20 17
 818  20 18
 819  20 19
 820  20 20
 821  20 21
 822  20 22
 823  20 23
 824  20 24
 825  20 25
 826  20 26
 827  20 27
 828  20 28
 829  20 29
 830  20 30
 831  20 31
 832  20 32
 833  20 33
 834  20 34
 835  20 35
 836  20 36
 837  20 37
 838  20 38
 839  20 39
 840  21 0
 841  21 1
 842  21 2
 843  21 3
 844  21 4
 845  21 5
 846  21 6
 847  21 7
 848  21 8
 849  21 9
 850  21 10
 851  21 11
 852  21 12
 853  21 13
 854  21 14
 855  21 15
 856  21 16
 857  21 17
 858  21 18
 859  21 19
 860  21 20
 861  21 21
 862  21 22
 863  21 23
 864  21 24
 865  21 25
 866  21 26
 867  21 27
 868  21 28
 869  21 29
 870  21 30
 871  21 31
 872  21 32
 873  21 33
 874  21 34
 875  21 35
 876  21 36
 877  21 37
 878  21 38
 879  21 39
 880  22 0
 881  22 1
 882  22 2
 883  22 3
 884  22 4
 885  22 5
 886  22 6
 887  22 7
 888  22 8
 889  22 9
 890  22 10
 891  22 11
 892  22 12
 893  22 13
 894  22 14
 895  22 15
 896  22 16
 897  22 17
 898  22 18
 899  22 19
 900  22 20
 901  22 21
 902  22 22
 903  22 23
 904  22 24
 905  22 25
 906  22 26
 907  22 27
 908  22 28
 909  22 29
 910  22 30
 911  22 31
 912  22 32
 913  22 33
 914  22 34
 915  22 35
 916  22 36
 917  22 37
 918  22 38
 919  22 39
 920  23 0
 921  23 1
 922  23 2
 923  23 3
 924  23 4
 925  23 5
 926  23 6
 927  23 7
 928  23 8
 929  23 9
 930  23 10
 931  23 11
 932  23 12
 933  23 13
 934  23 14
 935  23 15
 936  23 16
 937  23 17
 938  23 18
 939  23 19
 940  23 20
 941  23 21
 942  23 22
 943  23 23
 944  23 24
 945  23 25
 946  23 26
 947  23 27
 948  23 28
 949  23 29
 950  23 30
 951  23 31
 952  23 32
 953  23 33
 954  23 34
 955  23 35
 956  23 36
 957  23 37
 958  23 38
 959  23 39
 960  24 0
 961  24 1
 962  24 2
 963  24 3
 964  24 4
 965  24 5
 966  24 6
 967  24 7
 968  24 8
 969  24 9
 970  24 10
 971  24 11
 972  24 12
 973  24 13
 974  24 14
 975  24 15
 976  24 16
 977  24 17
 978  24 18
 979  24 19
 980  24 20
 981  24 21
 982  24 22
 983  24 23
 984  24 24
 985  24 25
 986  24 26
 987  24 27
 988  24 28
 989  24 29
 990  24 30
 991  24 31
 992  24 32
 993  24 33
 994  24 34
 995  24 35
 996  24 36
 997  24 37
 998  24 38
 999  24 39
 1000  25 0
 1001  25 1
 1002  25 2
 1003  25 3
 1004  25 4
 1005  25 5
 1006  25 6
 1007  25 7
 1008  25 8
 1009  25 9
 1010  25 10
 1011  25 11
 1012  25 12
 1013  25 13
 1014  25 14
 1015  25 15
 1016  25 16
 1017  25 17
 1018  25 18
 1019  25 19
 1020  25 20
 1021  25 21
 1022  25 22
 1023  25 23
 1024  25 24
 1025  25 25
 1026  25 26
 1027  25 27
 1028  25 28
 1029  25 29
 1030  25 30
 1031  25 31
 1032  25 32
 1033  25 33
 1034  25 34
 1035  25 35
 1036  25 36
 1037  25 37
 1038  25 38
 1039  25 39
 1040  26 0
 1041  26 1
 1042  26 2
 1043  26 3
 1044  26 4
 1045  26 5
 1046  26 6
 1047  26 7
 1048  26 8
 1049  26 9
 1050  26 10
 1051  26 11
 1052  26 12
 1053  26 13
 1054  26 14
 1055  26 15
 1056  26 16
 1057  26 17
 1058  26 18
 1059  26 19
 1060  26 20
 1061  26 21
 1062  26 22
 1063  26 23
 1064  26 24
 1065  26 25
 1066  26 26
 1067  26 27
 1068  26 28
 1069  26 29
 1070  26 30
 1071  26 31
 1072  26 32
 1073  26 33
 1074  26 34
 1075  26 35
 1076  26 36
 1077  26 37
 1078  26 38
 1079  26 39
 1080  27 0
 1081  27 1
 1082  27 2
 1083  27 3
 1084  27 4
 1085  27 5
 1086  27 6
 1087  27 7
 1088  27 8
 1089  27 9
 1090  27 10
 1091  27 11
 1092  27 12
 1093  27 13
 1094  27 14
 1095  27 15
 1096  27 16
 1097  27 17
 1098  27 18
 1099  27 19
 1100  27 20
 1101  27 21
 1102  27 22
 1103  27 23
 1104  27 24
 1105  27 25
 1106  27 26
 1107  27 27
 1108  27 28
 1109  27 29
 1110  27 30
 1111  27 31
 1112  27 32
 1113  27 33
 1114  27 34
 1115  27 35
 1116  27 36
 1117  27 37
 1118  27 38
 1119  27 39
 1120  28 0
 1121  28 1
 1122  28 2
 1123  28 3
 1124  28 4
 1125  28 5
 1126  28 6
 1127  28 7
 1128  28 8
 1129  28 9
 1130  28 10
 1131  28 11
 1132  28 12
 1133  28 13
 1134  28 14
 1135  28 15
 1136  28 16
 1137  28 17
 1138  28 18
 1139  28 19
 1140  28 20
 1141  28 21
 1142  28 22
 1143  28 23
 1144  28 24
 1145  28 25
 1146  28 26
 1147  28 27
 1148  28 28
 1149  28 29
 1150  28 30
 1151  28 31
 1152  28 32
 1153  28 33
 1154  28 34
 1155  28 35
 1156  28 36
 1157  28 37
 1158  28 38
 1159  28 39
 1160  29 0
 1161  29 1
 1162  29 2
 1163  29 3
 1164  29 4
 1165  29 5
 1166  29 6
 1167  29 7
 1168  29 8
 1169  29 9
 1170  29 10
 1171  29 11
 1172  29 12
 1173  29 13
 1174  29 14
 1175  29 15
 1176  29 16
 1177  29 17
 1178  29 18
 1179  29 19
 1180  29 20
 1181  29 21
 1182  29 22
 1183  29 23
 1184  29 24
 1185  29 25
 1186  29 26
 1187  29 27
 1188  29 28
 1189  29 29
 1190  29 30
 1191  29 31
 1192  29 32
 1193  29 33
 1194  29 34
 1195  29 35
 1196  29 36
 1197  29 37
 1198  29 38
 1199  29 39
 1200  30 0
 1201  30 1
 1202  30 2
 1203  30 3
 1204  30 4
 1205  30 5
 1206  30 6
 1207  30 7
 1208  30 8
 1209  30 9
 1210  30 10
 1211  30 11
 1212  30 12
 1213  30 13
 1214  30 14
 1215  30 15
 1216  30 16
 1217  30 17
 1218  30 18
 1219  30 19
 1220  30 20
 1221  30 21
 1222  30 22
 1223  30 23
 1224  30 24
 1225  30 25
 1226  30 26
 1227  30 27
 1228  30 28
 1229  30 29
 1230  30 30
 1231  30 31
 1232  30 32
 1233  30 33
 1234  30 34
 1235  30 35
 1236  30 36
 1237  30 37
 1238  30 38
 1239  30 39
 1240  31 0
 1241  31 1
 1242  31 2
 1243  31 3
 1244  31 4
 1245  31 5
 1246  31 6
 1247  31 7
 1248  31 8
 1249  31 9
 1250  31 10
 1251  31 11
 1252  31 12
 1253  31 13
 1254  31 14
 1255  31 15
 1256  31 16
 1257  31 17
 1258  31 18
 1259  31 19
 1260  31 20
 1261  31 21
 1262  31 22
 1263  31 23
 1264  31 24
 1265  31 25
 1266  31 26
 1267  31 27
 1268  31 28
 1269  31 29
 1270  31 30
 1271  31 31
 1272  31 32
 1273  31 33
 1274  31 34
 1275  31 35
 1276  31 36
 1277  31 37
 1278  31 38
 1279  31 39
 1280  32 0
 1281  32 1
 1282  32 2
 1283  32 3
 1284  32 4
 1285  32 5
 1286  32 6
 1287  32 7
 1288  32 8
 1289  32 9
 1290  32 10
 1291  32 11
 1292  32 12
 1293  32 13
 1294  32 14
 1295  32 15
 1296  32 16
 1297  32 17
 1298  32 18
 1299  32 19
 1300  32 20
 1301  32 21
 1302  32 22
 1303  32 23
 1304  32 24
 1305  32 25
 1306  32 26
 1307  32 27
 1308  32 28
 1309  32 29
 1310  32 30
 1311  32 31
 1312  32 32
 1313  32 33
 1314  32 34
 1315  32 35
 1316  32 36
 1317  32 37
 1318  32 38
 1319  32 39
 1320  33 0
 1321  33 1
 1322  33 2
 1323  33 3
 1324  33 4
 1325  33 5
 1326  33 6
 1327  33 7
 1328  33 8
 1329  33 9
 1330  33 10
 1331  33 11
 1332  33 12
 1333  33 13
 1334  33 14
 1335  33 15
 1336  33 16
 1337  33 17
 1338  33 18
 1339  33 19
 1340  33 20
 1341  33 21
 1342  33 22
 1343  33 23
 1344  33 24
 1345  33 25
 1346  33 26
 1347  33 27
 1348  33 28
 1349  33 29
 1350  33 30
 1351  33 31
 1352  33 32
 1353  33 33
 1354  33 34
 1355  33 35
 1356  33 36
 1357  33 37
 1358  33 38
 1359  33 39
 1360  34 0
 1361  34 1
 1362  34 2
 1363  34 3
 1364  34 4
 1365  34 5
 1366  34 6
 1367  34 7
 1368  34 8
 1369  34 9
 1370  34 10
 1371  34 11
 1372  34 12
 1373  34 13
 1374  34 14
 1375  34 15
 1376  34 16
 1377  34 17
 1378  34 18
 1379  34 19
 1380  34 20
 1381  34 21
 1382  34 22
 1383  34 23
 1384  34 24
 1385  34 25
 1386  34 26
 1387  34 27
 1388  34 28
 1389  34 29
 1390  34 30
 1391  34 31
 1392  34 32
 1393  34 33
 1394  34 34
 1395  34 35
 1396  34 36
 1397  34 37
 1398  34 38
 1399  34 39
 1400  35 0
 1401  35 1
 1402  35 2
 1403  35 3
 1404  35 4
 1405  35 5
 1406  35 6
 1407  35 7
 1408  35 8
 1409  35 9
 1410  35 10
 1411  35 11
 1412  35 12
 1413  35 13
 1414  35 14
 1415  35 15
 1416  35 16
 1417  35 17
 1418  35 18
 1419  35 19
 1420  35 20
 1421  35 21
 1422  35 22
 1423  35 23
 1424  35 24
 1425  35 25
 1426  35 26
 1427  35 27
 1428  35 28
 1429  35 29
 1430  35 30
 1431  35 31
 1432  35 32
 1433  35 33
 1434  35 34
 1435  35 35
 1436  35 36
 1437  35 37
 1438  35 38
 1439  35 39
 1440  36 0
 1441  36 1
 1442  36 2
 1443  36 3
 1444  36 4
 1445  36 5
 1446  36 6
 1447  36 7
 1448  36 8
 1449  36 9
 1450  36 10
 1451  36 11
 1452  36 12
 1453  36 13
 1454  36 14
 1455  36 15
 1456  36 16
 1457  36 17
 1458  36 18
 1459  36 19
 1460  36 20
 1461  36 21
 1462  36 22
 1463  36 23
 1464  36 24
 1465  36 25
 1466  36 26
 1467  36 27
 1468  36 28
 1469  36 29
 1470  36 30
 1471  36 31
 1472  36 32
 1473  36 33
 1474  36 34
 1475  36 35
 1476  36 36
 1477  36 37
 1478  36 38
 1479  36 39
 1480  37 0
 1481  37 1
 1482  37 2
 1483  37 3
 1484  37 4
 1485  37 5
 1486  37 6
 1487  37 7
 1488  37 8
 1489  37 9
 1490  37 10
 1491  37 11
 1492  37 12
 1493  37 13
 1494  37 14
 1495  37 15
 1496  37 16
 1497  37 17
 1498  37 18
 1499  37 19
 1500  37 20
 1501  37 21
 1502  37 22
 1503  37 23
 1504  37 24
 1505  37 25
 1506  37 26
 1507  37 27
 1508  37 28
 1509  37 29
 1510  37 30
 1511  37 31
 1512  37 32
 1513  37 33
 1514  37 34
 1515  37 35
 1516  37 36
 1517  37 37
 1518  37 38
 1519  37 39
 1520  38 0
 1521  38 1
 1522  38 2
 1523  38 3
 1524  38 4
 1525  38 5
 1526  38 6
 1527  38 7
 1528  38 8
 1529  38 9
 1530  38 10
 1531  38 11
 1532  38 12
 1533  38 13
 1534  38 14
 1535  38 15
 1536  38 16
 1537  38 17
 1538  38 18
 1539  38 19
 1540  38 20
 1541  38 21
 1542  38 22
 1543  38 23
 1544  38 24
 1545  38 25
 1546  38 26
 1547  38 27
 1548  38 28
 1549  38 29
 1550  38 30
 1551  38 31
 1552  38 32
 1553  38 33
 1554  38 34
 1555  38 35
 1556  38 36
 1557  38 37
 1558  38 38
 1559  38 39
 1560  39 0
 1561  39 1
 1562  39 2
 1563  39 3
 1564  39 4
 1565  39 5
 1566  39 6
 1567  39 7
 1568  39 8
 1569  39 9
 1570  39 10
 1571  39 11
 1572  39 12
 1573  39 13
 1574  39 14
 1575  39 15
 1576  39 16
 1577  39 17
 1578  39 18
 1579  39 19
 1580  39 20
 1581  39 21
 1582  39 22
 1583  39 23
 1584  39 24
 1585  39 25
 1586  39 26
 1587  39 27
 1588  39 28
 1589  39 29
 1590  39 30
 1591  39 31
 1592  39 32
 1593  39 33
 1594  39 34
 1595  39 35
 1596  39 36
 1597  39 37
 1598  39 38
 1599  39 39
