 0  0 0
 1  0 1
 2  0 2
 3  0 3
 4  0 4
 5  0 5
 6  0 6
 7  0 7
 8  0 8
 9  0 9
 10  0 10
 11  0 11
 12  0 12
 13  0 13
 14  0 14
 15  0 15
 16  0 16
 17  0 17
 18  0 18
 19  0 19
 20  0 20
 21  0 21
 22  0 22
 23  0 23
 24  0 24
 25  0 25
 26  0 26
 27  0 27
 28  0 28
 29  0 29
 30  1 0
 31  1 1
 32  1 2
 33  1 3
 34  1 4
 35  1 5
 36  1 6
 37  1 7
 38  1 8
 39  1 9
 40  1 10
 41  1 11
 42  1 12
 43  1 13
 44  1 14
 45  1 15
 46  1 16
 47  1 17
 48  1 18
 49  1 19
 50  1 20
 51  1 21
 52  1 22
 53  1 23
 54  1 24
 55  1 25
 56  1 26
 57  1 27
 58  1 28
 59  1 29
 60  2 0
 61  2 1
 62  2 2
 63  2 3
 64  2 4
 65  2 5
 66  2 6
 67  2 7
 68  2 8
 69  2 9
 70  2 10
 71  2 11
 72  2 12
 73  2 13
 74  2 14
 75  2 15
 76  2 16
 77  2 17
 78  2 18
 79  2 19
 80  2 20
 81  2 21
 82  2 22
 83  2 23
 84  2 24
 85  2 25
 86  2 26
 87  2 27
 88  2 28
 89  2 29
 90  3 0
 91  3 1
 92  3 2
 93  3 3
 94  3 4
 95  3 5
 96  3 6
 97  3 7
 98  3 8
 99  3 9
 100  3 10
 101  3 11
 102  3 12
 103  3 13
 104  3 14
 105  3 15
 106  3 16
 107  3 17
 108  3 18
 109  3 19
 110  3 20
 111  3 21
 112  3 22
 113  3 23
 114  3 24
 115  3 25
 116  3 26
 117  3 27
 118  3 28
 119  3 29
 120  4 0
 121  4 1
 122  4 2
 123  4 3
 124  4 4
 125  4 5
 126  4 6
 127  4 7
 128  4 8
 129  4 9
 130  4 10
 131  4 11
 132  4 12
 133  4 13
 134  4 14
 135  4 15
 136  4 16
 137  4 17
 138  4 18
 139  4 19
 140  4 20
 141  4 21
 142  4 22
 143  4 23
 144  4 24
 145  4 25
 146  4 26
 147  4 27
 148  4 28
 149  4 29
 150  5 0
 151  5 1
 152  5 2
 153  5 3
 154  5 4
 155  5 5
 156  5 6
 157  5 7
 158  5 8
 159  5 9
 160  5 10
 161  5 11
 162  5 12
 163  5 13
 164  5 14
 165  5 15
 166  5 16
 167  5 17
 168  5 18
 169  5 19
 170  5 20
 171  5 21
 172  5 22
 173  5 23
 174  5 24
 175  5 25
 176  5 26
 177  5 27
 178  5 28
 179  5 29
 180  6 0
 181  6 1
 182  6 2
 183  6 3
 184  6 4
 185  6 5
 186  6 6
 187  6 7
 188  6 8
 189  6 9
 190  6 10
 191  6 11
 192  6 12
 193  6 13
 194  6 14
 195  6 15
 196  6 16
 197  6 17
 198  6 18
 199  6 19
 200  6 20
 201  6 21
 202  6 22
 203  6 23
 204  6 24
 205  6 25
 206  6 26
 207  6 27
 208  6 28
 209  6 29
 210  7 0
 211  7 1
 212  7 2
 213  7 3
 214  7 4
 215  7 5
 216  7 6
 217  7 7
 218  7 8
 219  7 9
 220  7 10
 221  7 11
 222  7 12
 223  7 13
 224  7 14
 225  7 15
 226  7 16
 227  7 17
 228  7 18
 229  7 19
 230  7 20
 231  7 21
 232  7 22
 233  7 23
 234  7 24
 235  7 25
 236  7 26
 237  7 27
 238  7 28
 239  7 29
 240  8 0
 241  8 1
 242  8 2
 243  8 3
 244  8 4
 245  8 5
 246  8 6
 247  8 7
 248  8 8
 249  8 9
 250  8 10
 251  8 11
 252  8 12
 253  8 13
 254  8 14
 255  8 15
 256  8 16
 257  8 17
 258  8 18
 259  8 19
 260  8 20
 261  8 21
 262  8 22
 263  8 23
 264  8 24
 265  8 25
 266  8 26
 267  8 27
 268  8 28
 269  8 29
 270  9 0
 271  9 1
 272  9 2
 273  9 3
 274  9 4
 275  9 5
 276  9 6
 277  9 7
 278  9 8
 279  9 9
 280  9 10
 281  9 11
 282  9 12
 283  9 13
 284  9 14
 285  9 15
 286  9 16
 287  9 17
 288  9 18
 289  9 19
 290  9 20
 291  9 21
 292  9 22
 293  9 23
 294  9 24
 295  9 25
 296  9 26
 297  9 27
 298  9 28
 299  9 29
 300  10 0
 301  10 1
 302  10 2
 303  10 3
 304  10 4
 305  10 5
 306  10 6
 307  10 7
 308  10 8
 309  10 9
 310  10 10
 311  10 11
 312  10 12
 313  10 13
 314  10 14
 315  10 15
 316  10 16
 317  10 17
 318  10 18
 319  10 19
 320  10 20
 321  10 21
 322  10 22
 323  10 23
 324  10 24
 325  10 25
 326  10 26
 327  10 27
 328  10 28
 329  10 29
 330  11 0
 331  11 1
 332  11 2
 333  11 3
 334  11 4
 335  11 5
 336  11 6
 337  11 7
 338  11 8
 339  11 9
 340  11 10
 341  11 11
 342  11 12
 343  11 13
 344  11 14
 345  11 15
 346  11 16
 347  11 17
 348  11 18
 349  11 19
 350  11 20
 351  11 21
 352  11 22
 353  11 23
 354  11 24
 355  11 25
 356  11 26
 357  11 27
 358  11 28
 359  11 29
 360  12 0
 361  12 1
 362  12 2
 363  12 3
 364  12 4
 365  12 5
 366  12 6
 367  12 7
 368  12 8
 369  12 9
 370  12 10
 371  12 11
 372  12 12
 373  12 13
 374  12 14
 375  12 15
 376  12 16
 377  12 17
 378  12 18
 379  12 19
 380  12 20
 381  12 21
 382  12 22
 383  12 23
 384  12 24
 385  12 25
 386  12 26
 387  12 27
 388  12 28
 389  12 29
 390  13 0
 391  13 1
 392  13 2
 393  13 3
 394  13 4
 395  13 5
 396  13 6
 397  13 7
 398  13 8
 399  13 9
 400  13 10
 401  13 11
 402  13 12
 403  13 13
 404  13 14
 405  13 15
 406  13 16
 407  13 17
 408  13 18
 409  13 19
 410  13 20
 411  13 21
 412  13 22
 413  13 23
 414  13 24
 415  13 25
 416  13 26
 417  13 27
 418  13 28
 419  13 29
 420  14 0
 421  14 1
 422  14 2
 423  14 3
 424  14 4
 425  14 5
 426  14 6
 427  14 7
 428  14 8
 429  14 9
 430  14 10
 431  14 11
 432  14 12
 433  14 13
 434  14 14
 435  14 15
 436  14 16
 437  14 17
 438  14 18
 439  14 19
 440  14 20
 441  14 21
 442  14 22
 443  14 23
 444  14 24
 445  14 25
 446  14 26
 447  14 27
 448  14 28
 449  14 29
 450  15 0
 451  15 1
 452  15 2
 453  15 3
 454  15 4
 455  15 5
 456  15 6
 457  15 7
 458  15 8
 459  15 9
 460  15 10
 461  15 11
 462  15 12
 463  15 13
 464  15 14
 465  15 15
 466  15 16
 467  15 17
 468  15 18
 469  15 19
 470  15 20
 471  15 21
 472  15 22
 473  15 23
 474  15 24
 475  15 25
 476  15 26
 477  15 27
 478  15 28
 479  15 29
 480  16 0
 481  16 1
 482  16 2
 483  16 3
 484  16 4
 485  16 5
 486  16 6
 487  16 7
 488  16 8
 489  16 9
 490  16 10
 491  16 11
 492  16 12
 493  16 13
 494  16 14
 495  16 15
 496  16 16
 497  16 17
 498  16 18
 499  16 19
 500  16 20
 501  16 21
 502  16 22
 503  16 23
 504  16 24
 505  16 25
 506  16 26
 507  16 27
 508  16 28
 509  16 29
 510  17 0
 511  17 1
 512  17 2
 513  17 3
 514  17 4
 515  17 5
 516  17 6
 517  17 7
 518  17 8
 519  17 9
 520  17 10
 521  17 11
 522  17 12
 523  17 13
 524  17 14
 525  17 15
 526  17 16
 527  17 17
 528  17 18
 529  17 19
 530  17 20
 531  17 21
 532  17 22
 533  17 23
 534  17 24
 535  17 25
 536  17 26
 537  17 27
 538  17 28
 539  17 29
 540  18 0
 541  18 1
 542  18 2
 543  18 3
 544  18 4
 545  18 5
 546  18 6
 547  18 7
 548  18 8
 549  18 9
 550  18 10
 551  18 11
 552  18 12
 553  18 13
 554  18 14
 555  18 15
 556  18 16
 557  18 17
 558  18 18
 559  18 19
 560  18 20
 561  18 21
 562  18 22
 563  18 23
 564  18 24
 565  18 25
 566  18 26
 567  18 27
 568  18 28
 569  18 29
 570  19 0
 571  19 1
 572  19 2
 573  19 3
 574  19 4
 575  19 5
 576  19 6
 577  19 7
 578  19 8
 579  19 9
 580  19 10
 581  19 11
 582  19 12
 583  19 13
 584  19 14
 585  19 15
 586  19 16
 587  19 17
 588  19 18
 589  19 19
 590  19 20
 591  19 21
 592  19 22
 593  19 23
 594  19 24
 595  19 25
 596  19 26
 597  19 27
 598  19 28
 599  19 29
 600  20 0
 601  20 1
 602  20 2
 603  20 3
 604  20 4
 605  20 5
 606  20 6
 607  20 7
 608  20 8
 609  20 9
 610  20 10
 611  20 11
 612  20 12
 613  20 13
 614  20 14
 615  20 15
 616  20 16
 617  20 17
 618  20 18
 619  20 19
 620  20 20
 621  20 21
 622  20 22
 623  20 23
 624  20 24
 625  20 25
 626  20 26
 627  20 27
 628  20 28
 629  20 29
 630  21 0
 631  21 1
 632  21 2
 633  21 3
 634  21 4
 635  21 5
 636  21 6
 637  21 7
 638  21 8
 639  21 9
 640  21 10
 641  21 11
 642  21 12
 643  21 13
 644  21 14
 645  21 15
 646  21 16
 647  21 17
 648  21 18
 649  21 19
 650  21 20
 651  21 21
 652  21 22
 653  21 23
 654  21 24
 655  21 25
 656  21 26
 657  21 27
 658  21 28
 659  21 29
 660  22 0
 661  22 1
 662  22 2
 663  22 3
 664  22 4
 665  22 5
 666  22 6
 667  22 7
 668  22 8
 669  22 9
 670  22 10
 671  22 11
 672  22 12
 673  22 13
 674  22 14
 675  22 15
 676  22 16
 677  22 17
 678  22 18
 679  22 19
 680  22 20
 681  22 21
 682  22 22
 683  22 23
 684  22 24
 685  22 25
 686  22 26
 687  22 27
 688  22 28
 689  22 29
 690  23 0
 691  23 1
 692  23 2
 693  23 3
 694  23 4
 695  23 5
 696  23 6
 697  23 7
 698  23 8
 699  23 9
 700  23 10
 701  23 11
 702  23 12
 703  23 13
 704  23 14
 705  23 15
 706  23 16
 707  23 17
 708  23 18
 709  23 19
 710  23 20
 711  23 21
 712  23 22
 713  23 23
 714  23 24
 715  23 25
 716  23 26
 717  23 27
 718  23 28
 719  23 29
 720  24 0
 721  24 1
 722  24 2
 723  24 3
 724  24 4
 725  24 5
 726  24 6
 727  24 7
 728  24 8
 729  24 9
 730  24 10
 731  24 11
 732  24 12
 733  24 13
 734  24 14
 735  24 15
 736  24 16
 737  24 17
 738  24 18
 739  24 19
 740  24 20
 741  24 21
 742  24 22
 743  24 23
 744  24 24
 745  24 25
 746  24 26
 747  24 27
 748  24 28
 749  24 29
 750  25 0
 751  25 1
 752  25 2
 753  25 3
 754  25 4
 755  25 5
 756  25 6
 757  25 7
 758  25 8
 759  25 9
 760  25 10
 761  25 11
 762  25 12
 763  25 13
 764  25 14
 765  25 15
 766  25 16
 767  25 17
 768  25 18
 769  25 19
 770  25 20
 771  25 21
 772  25 22
 773  25 23
 774  25 24
 775  25 25
 776  25 26
 777  25 27
 778  25 28
 779  25 29
 780  26 0
 781  26 1
 782  26 2
 783  26 3
 784  26 4
 785  26 5
 786  26 6
 787  26 7
 788  26 8
 789  26 9
 790  26 10
 791  26 11
 792  26 12
 793  26 13
 794  26 14
 795  26 15
 796  26 16
 797  26 17
 798  26 18
 799  26 19
 800  26 20
 801  26 21
 802  26 22
 803  26 23
 804  26 24
 805  26 25
 806  26 26
 807  26 27
 808  26 28
 809  26 29
 810  27 0
 811  27 1
 812  27 2
 813  27 3
 814  27 4
 815  27 5
 816  27 6
 817  27 7
 818  27 8
 819  27 9
 820  27 10
 821  27 11
 822  27 12
 823  27 13
 824  27 14
 825  27 15
 826  27 16
 827  27 17
 828  27 18
 829  27 19
 830  27 20
 831  27 21
 832  27 22
 833  27 23
 834  27 24
 835  27 25
 836  27 26
 837  27 27
 838  27 28
 839  27 29
 840  28 0
 841  28 1
 842  28 2
 843  28 3
 844  28 4
 845  28 5
 846  28 6
 847  28 7
 848  28 8
 849  28 9
 850  28 10
 851  28 11
 852  28 12
 853  28 13
 854  28 14
 855  28 15
 856  28 16
 857  28 17
 858  28 18
 859  28 19
 860  28 20
 861  28 21
 862  28 22
 863  28 23
 864  28 24
 865  28 25
 866  28 26
 867  28 27
 868  28 28
 869  28 29
 870  29 0
 871  29 1
 872  29 2
 873  29 3
 874  29 4
 875  29 5
 876  29 6
 877  29 7
 878  29 8
 879  29 9
 880  29 10
 881  29 11
 882  29 12
 883  29 13
 884  29 14
 885  29 15
 886  29 16
 887  29 17
 888  29 18
 889  29 19
 890  29 20
 891  29 21
 892  29 22
 893  29 23
 894  29 24
 895  29 25
 896  29 26
 897  29 27
 898  29 28
 899  29 29
